,name,acousticness,danceability,energy,instrumentalness,liveness,loudness,mode,speechiness,tempo,time_signature,valence,streams,country,id
0,One Kiss (with Dua Lipa),0.037,0.791,0.862,2.19e-05,0.0814,-3.24,0,0.11,123.994,4,0.592,3829817,England,7ef4DlsgrMEH11cDZd32M6
1,Nice For What,0.0934,0.567,0.913,0.000124,0.114,-6.471,1,0.0736,93.35,4,0.792,3657083,England,1cTZMwcBJT0Ka3UJPXOeeN
2,no tears left to cry,0.0375,0.703,0.696,5.65e-06,0.274,-5.482,1,0.0529,121.969,4,0.366,2866297,England,5SxkdsY1ufZzoq9iXceLw9
3,2002,0.0372,0.697,0.683,0.0,0.137,-2.881,0,0.117,96.133,4,0.603,2586498,England,6SFStUDQZNaGPKWOx9ZiJB
4,Freaky Friday (feat. Chris Brown),0.147,0.755,0.599,0.0,0.109,-5.042,1,0.224,133.123,4,0.755,2568652,England,10Igtw8bSDyyFs7KIsKngZ
5,Better Now,0.331,0.68,0.578,0.0,0.135,-5.804,1,0.04,145.038,4,0.341,2530958,England,7dt6x5M1jzdTEt8oCbisTK
6,This Is America,0.117,0.854,0.463,0.0,0.354,-6.159,1,0.137,120.024,4,0.549,2269215,England,0b9oOr2ZgvyQu88wzixux9
7,Answerphone (feat. Yxng Bane),0.0387,0.671,0.834,0.0,0.454,-3.928,0,0.0885,113.021,4,0.454,2157100,England,1HagMz5nWk1HmevNCBOxF3
8,God's Plan,0.0309,0.758,0.448,8.67e-05,0.558,-9.441,1,0.103,77.176,4,0.373,2004514,England,2XW4DbS6NddZxRPm5rMCeY
9,Love Lies (with Normani),0.0956,0.708,0.648,0.0,0.134,-5.626,1,0.0449,143.955,4,0.338,1968155,England,45Egmo7icyopuzJN0oMEdk
10,Paradise,0.209,0.642,0.881,0.0,0.21,-3.537,1,0.0393,138.03,4,0.913,1818360,England,38zwkK6TtTjIW9tpYBfZ3D
11,FRIENDS,0.205,0.626,0.88,0.0,0.128,-2.384,0,0.0504,95.079,4,0.534,1809649,England,08bNPGLD8AhKpnnERrAc6G
12,The Middle,0.208,0.748,0.652,0.0,0.128,-3.02,1,0.058,106.914,4,0.431,1789043,England,2ARqIya5NAuvFVHSN3bL0m
13,Psycho (feat. Ty Dolla $ign),0.546,0.75,0.56,0.0,0.111,-8.094,1,0.105,140.06,4,0.459,1772104,England,3swc6WTsr7rl9DqQKQA55C
14,I'll Be There,0.0228,0.623,0.851,0.0,0.12,-3.111,1,0.0409,100.063,4,0.4,1744642,England,083Qf6hn6sFL6xiOHlZUyn
15,Lullaby,0.0784,0.725,0.834,1.27e-05,0.0834,-3.913,0,0.037,120.026,4,0.859,1740505,England,5xzCzOAOfRi4DOttSzvznR
16,German,0.811,0.862,0.583,1.86e-05,0.191,-6.26,0,0.0654,103.019,4,0.852,1680871,England,7cwLbWHs42c8JmrW9BJZos
17,"These Days (feat. Jess Glynne, Macklemore & Dan Caplen)",0.194,0.653,0.809,0.0,0.165,-4.057,1,0.0474,92.213,4,0.55,1658810,England,5CLGzJsGqhCEECcpnFQA8x
18,Bad Vibe,0.18,0.804,0.697,0.0,0.0961,-4.42,1,0.0468,110.0,4,0.768,1600551,England,2aeKv96tpmi1T3ctpAZBqB
19,Solo (feat. Demi Lovato),0.0441,0.737,0.636,6.66e-05,0.35,-4.546,0,0.0437,105.005,4,0.565,1522987,England,6kPJZM97LwdG9QIsT7khp6
20,I Like It,0.099,0.816,0.726,0.0,0.372,-3.998,0,0.129,136.048,4,0.65,1519974,England,58q2HKrzhC3ozto2nDdN4z
21,Flames,0.0723,0.609,0.726,8.45e-06,0.0895,-4.346,0,0.0414,93.958,4,0.362,1425769,England,33IOhptvC2Qoy2UhjiHXLV
22,rockstar (feat. 21 Savage),0.124,0.585,0.52,7.01e-05,0.131,-6.136,0,0.0712,159.801,4,0.129,1383016,England,0e7ipj03S05BNilyu5bRzt
23,This Is Me,0.00583,0.284,0.704,0.000115,0.0424,-7.276,1,0.186,191.702,4,0.1,1275047,England,2xGjteMU3E1tkEPVFBO08U
24,Familiar,0.0161,0.636,0.805,0.0,0.0793,-4.594,1,0.327,92.958,4,0.908,1211389,England,0Y4hwUppbGc8aIBmiTz30A
25,In My Blood,0.0524,0.628,0.715,0.0,0.119,-7.097,1,0.0541,139.991,4,0.429,1142921,England,79jX8RM5CgPqDKdGEKNW9K
26,Like I Do,0.00664,0.635,0.9,0.0145,0.37,-3.719,0,0.0377,127.978,4,0.15,1136746,England,6RnkFd8Fqqgk1Uni8RgqCQ
27,Jumanji,0.279,0.791,0.473,0.0,0.0959,-9.86,0,0.25,95.948,4,0.603,1135619,England,4PzsYXrHh4r2BxtpNjtvoF
28,Paranoid,0.038,0.625,0.536,2.31e-05,0.167,-5.428,1,0.0776,159.914,4,0.253,1126151,England,3fpVWegR6YOS1Yk5HSMYIq
29,Look Alive (feat. Drake),0.00104,0.922,0.581,5.86e-05,0.105,-7.495,1,0.27,140.022,4,0.595,1124996,England,4qKcDkK6siZ7Jp1Jb4m0aL
30,IDGAF,0.0403,0.836,0.544,0.0,0.0824,-5.975,1,0.0943,97.028,4,0.51,1107811,England,76cy1WJvNGJTj78UqeA5zr
31,Feel It Still,0.0417,0.801,0.795,0.000113,0.0717,-5.115,0,0.0504,79.028,4,0.754,1094689,England,6QgjcU0zLnzq5OrUoSZ3OK
32,Man Down (feat. AlunaGeorge),0.299,0.726,0.665,0.0,0.179,-5.611,0,0.0722,104.239,4,0.807,1090601,England,1keIwLlHg0VZhoQQiTb0Xi
33,Meant to Be (feat. Florida Georgia Line),0.047,0.643,0.783,0.0,0.083,-6.458,1,0.0856,154.084,4,0.579,1089514,England,7iDa6hUg2VgEL1o1HjmfBn
34,Back To You,0.0984,0.6,0.683,1.26e-06,0.11,-6.271,1,0.0493,102.036,4,0.494,1079156,England,514rhnksEwHUh6LxXsQ4Y9
35,"Girls (feat. Cardi B, Bebe Rexha & Charli XCX)",0.0164,0.728,0.69,0.0,0.104,-4.344,0,0.0524,94.028,4,0.415,1057681,England,1YNQscOx6OqBQjxgJVhEeW
36,If You're Over Me,0.0615,0.647,0.853,0.0,0.062,-4.516,1,0.0904,103.846,4,0.618,1027566,England,01k24g94i1JvkFLQmVEdCd
37,All The Stars (with SZA),0.0605,0.698,0.633,0.000194,0.0926,-4.946,1,0.0597,96.924,4,0.552,1002276,England,3GCdLUSnKSMJhs4Tj6CV3s
38,New Rules,0.00261,0.762,0.7,1.56e-05,0.153,-6.021,0,0.0694,116.073,4,0.608,981198,England,2ekn2ttSfGqwhhate0LSR0
39,Vroom,0.0388,0.653,0.573,0.0,0.0687,-6.744,0,0.0852,141.18,5,0.348,980753,England,7eiqpFevZkE7iHDfNm6VA0
40,Call Out My Name,0.218,0.489,0.598,0.0,0.35,-4.929,1,0.036,134.045,3,0.172,972503,England,1gm616Plq4ScqNi7TVkZ5N
41,Nevermind,0.159,0.6,0.688,1.29e-05,0.409,-8.339,0,0.201,99.977,4,0.0793,965780,England,63SevszngYpZOwf63o61K4
42,Breathe,0.0234,0.722,0.744,0.000157,0.143,-5.52,0,0.0363,125.985,4,0.686,944837,England,6tvQzeCPwOytDlBYCIOY0n
43,The Greatest Show,0.000239,0.417,0.824,0.0545,0.0725,-7.36,0,0.105,157.92,4,0.4,905551,England,43ay9lQZ5rfNcOOHhRF2cM
44,Ball For Me (feat. Nicki Minaj),0.513,0.797,0.55,0.0,0.0786,-4.166,1,0.24,134.206,4,0.543,877994,England,6IaieqiCVvsNvEt6Y7yOFa
45,Havana (feat. Young Thug),0.184,0.765,0.523,3.56e-05,0.132,-4.333,1,0.03,104.988,4,0.394,868710,England,1rfofaqEpACxVEHIZBJe6W
46,Rewrite The Stars,0.0716,0.684,0.619,0.0,0.122,-7.005,1,0.0386,125.046,4,0.284,846425,England,630sXRhIcfwr2e4RdNtjKN
47,Family Tree,0.0252,0.723,0.708,2.69e-05,0.181,-5.267,1,0.0924,107.973,4,0.62,832923,England,17Bq9GjpPbiD1tRvfoMnJK
48,Spoil My Night (feat. Swae Lee),0.341,0.672,0.717,2.4e-05,0.106,-2.714,1,0.034,160.981,4,0.225,823451,England,5VuxWXbt7XENQCtE9TzpTv
49,Shotgun,0.286,0.673,0.735,0.0,0.242,-4.733,1,0.0457,115.744,4,0.754,798932,England,4ofwffwvvnbSkrMSCKQDaC
50,Barking,0.175,0.527,0.465,0.0,0.0661,-8.055,0,0.227,137.033,5,0.765,795308,England,7amMgNDcObIDkIXv4xcvc2
51,Cigarette,0.0743,0.805,0.674,4.01e-05,0.139,-4.855,1,0.0677,114.992,4,0.534,781399,England,1GnfpjuZ1NUjEXSir7F8Hj
52,Oh My,0.342,0.712,0.626,0.0,0.108,-7.966,0,0.174,96.177,4,0.721,778706,England,4D6HSqoQGomDQAhNOqQnAE
53,Four Out Of Five,0.0626,0.601,0.863,0.0,0.0717,-4.31,1,0.0685,130.189,4,0.676,765875,England,5Z5nbOXhsSbySVC7WUc6y9
54,Playinwitme (feat. Kehlani),0.339,0.689,0.584,0.0,0.297,-5.768,0,0.119,156.572,4,0.676,756099,England,4F1yvJfQ7gJkrcgFJQDjOr
55,Yes Indeed,0.0355,0.963,0.346,0.0,0.108,-9.309,0,0.53,119.957,4,0.562,753861,England,6vN77lE9LK6HP2DewaN6HZ
56,Stay,0.449,0.507,0.48,0.0,0.147,-5.418,1,0.0266,86.046,4,0.35,743797,England,4H7WNRErSbONkM06blBoGc
57,Youngblood,0.0169,0.596,0.854,0.0,0.124,-5.114,0,0.463,120.274,4,0.152,723878,England,55S2PQgSMYAhgoTCcGCDfw
58,A Million Dreams,0.243,0.265,0.312,0.0,0.0893,-11.689,1,0.0569,54.747,3,0.0998,712933,England,0RoA7ObU6phWpqhlC9zH4Z
59,Shape of You,0.581,0.825,0.652,0.0,0.0931,-3.183,0,0.0802,95.977,4,0.931,711036,England,7qiZfU4dY1lWllzX7mPBI3
60,Tip Toe (feat. French Montana),0.0233,0.845,0.709,0.0,0.094,-4.547,0,0.0714,98.062,4,0.62,700178,England,2z4pcBLQXF2BXKFvd0BuB6
61,FAKE LOVE,0.00267,0.557,0.719,0.0,0.306,-4.515,0,0.0372,77.501,4,0.344,688300,England,3aW0ds4A4tSQDIp75FqWTo
62,Rich & Sad,0.198,0.599,0.571,0.0,0.0969,-4.998,1,0.0665,151.974,4,0.285,682966,England,2VdT56BGpdqNHUgOe1j5vc
63,Mad Love,0.006,0.793,0.824,3.29e-06,0.169,-3.476,1,0.177,98.019,4,0.611,679035,England,3soOPBuMK8YMdWnV7xpEyf
64,Over Now,0.139,0.569,0.777,0.0,0.132,-4.041,0,0.0834,164.027,4,0.181,666614,England,09IOPhEh1OMe0HD9b36FJk
65,lovely (with Khalid),0.934,0.351,0.296,0.0,0.095,-10.109,0,0.0333,115.284,4,0.12,663856,England,0u2P5u6lvoDfwTYjAADbn4
66,River (feat. Ed Sheeran),0.17,0.757,0.748,0.0,0.0759,-5.794,0,0.473,90.052,4,0.693,661370,England,5UEnHoDYpsxlfzWLZIc7LD
67,What I Wanna,0.0139,0.56,0.693,0.0,0.082,-6.591,1,0.311,130.462,5,0.826,657287,England,7BzBPBF2SDWFCBS5SdIN2e
68,Candy Paint,0.64,0.664,0.667,1.22e-06,0.0753,-5.941,1,0.154,180.064,4,0.381,650430,England,32lItqlMi4LBhb4k0BaSaC
69,The Other Side,0.00433,0.638,0.795,0.00139,0.153,-8.45,1,0.302,153.99,4,0.31,649784,England,2cKovq3l6OJjhVVDbVKOsr
70,My Lover - Radio Edit,0.186,0.823,0.581,8.44e-06,0.145,-7.111,0,0.259,106.047,4,0.675,648832,England,0A9y4c4dkI68IEnsRGtWil
71,I Wanna Know (feat. Bea Miller),0.0253,0.661,0.725,0.0,0.123,-4.859,1,0.0563,119.927,4,0.605,647517,England,18W92Zm1KjLCbUIszOhpkD
72,London (feat. EO),0.0316,0.743,0.651,1.83e-05,0.0942,-4.452,0,0.176,137.184,5,0.511,644993,England,0lstGz2advSx5VqY8olvzt
73,SAD!,0.258,0.74,0.613,0.00372,0.123,-4.88,1,0.145,75.023,4,0.473,641728,England,3ee8Jmje8o58CHK66QrVC2
74,Never Enough,0.423,0.277,0.394,0.0,0.0952,-8.903,1,0.0336,86.777,3,0.227,637217,England,0Gl5s8IhMmQE5YQwM8Qx1J
75,17,0.00149,0.703,0.832,0.127,0.0696,-7.202,0,0.0689,122.029,4,0.667,636609,England,15DwFznkBJir7AK9PyMyRR
76,OTW,0.183,0.652,0.678,3.26e-05,0.106,-6.183,1,0.0541,72.989,4,0.28,635038,England,6Hgh47WXVKtXN5zGOu0hjI
77,Be Careful,0.0256,0.82,0.568,0.0,0.0952,-8.23,0,0.411,152.279,4,0.535,614469,England,2Yl4OmDby9iitgNWZPwxkd
78,Mr. Brightside,0.00101,0.356,0.924,0.0,0.0953,-3.74,1,0.0808,148.017,4,0.232,597733,England,7oK9VyNzrYvRFo7nQEYkWN
79,First Time,0.00533,0.706,0.842,0.000316,0.0879,-3.687,1,0.0367,124.003,4,0.239,582840,England,6VG5Vmv8UVmCo8RLUfLlQz
80,Say Something (feat. Chris Stapleton),0.103,0.707,0.632,1.09e-05,0.0841,-7.031,1,0.0789,97.04,4,0.372,582190,England,1LhMopPAallLeaeNutqbgS
81,Lyca,0.611,0.725,0.486,0.0,0.0802,-9.558,0,0.122,104.831,4,0.505,579942,England,0InksU0QzMCNS47OYeE90N
82,Youth (feat. Khalid),0.518,0.625,0.589,0.0,0.197,-6.627,0,0.0858,100.003,4,0.33,577386,England,3Wf2YGdYT8xVdNsQSoRKk9
83,Done for Me (feat. Kehlani),0.193,0.856,0.632,0.0,0.0688,-3.692,0,0.074,112.009,4,0.697,569656,England,1lsBTdE6MGsKeZCD6llNu7
84,Chun-Li,0.307,0.643,0.766,1.38e-05,0.107,-4.788,0,0.384,97.092,4,0.463,555752,England,2gTYVoQCUh0QNUaFix01ld
85,One Dance,0.00784,0.791,0.619,0.00423,0.351,-5.886,1,0.0532,103.989,4,0.371,553257,England,1xznGGDReH1oQq0xzbwXa3
86,I Fall Apart,0.0689,0.556,0.538,0.0,0.196,-5.408,0,0.0382,143.95,4,0.291,552287,England,75ZvA4QfFiZvzhj2xkaWAh
87,Sit Back Down (feat. Maleek Berry),0.214,0.557,0.616,0.0,0.281,-5.99,0,0.226,207.983,4,0.734,550006,England,7uAbIeiw12MKjpUQnH0SjL
88,Zack And Codeine,0.15,0.738,0.824,0.0,0.132,-5.165,0,0.0437,138.039,4,0.386,544560,England,5lZZmityu9TAjNvSY6GLhR
89,Come Alive,0.00558,0.702,0.77,0.000802,0.211,-9.411,1,0.128,118.034,4,0.235,542864,England,5xNUR50KxswPRAvx7S163g
90,From Now On,0.00483,0.516,0.518,0.00895,0.585,-10.383,1,0.04,108.027,4,0.0834,540702,England,3IkWmgGsXbsafrunwPojXO
91,92 Explorer,0.265,0.798,0.733,1.25e-06,0.114,-4.811,0,0.0476,146.046,4,0.861,534140,England,1D2L6MefbXon28PzIk9I3r
92,Africa,0.257,0.671,0.373,8.01e-05,0.0481,-18.064,1,0.0323,92.718,4,0.732,532724,England,2374M0fQpWi3dLnB54qaLX
93,Anywhere,0.0364,0.628,0.797,0.0,0.104,-3.953,0,0.0596,106.93,4,0.321,532286,England,7EI6Iki24tBHAMxtb4xQN2
94,Walk It Talk It,0.0876,0.907,0.633,2.6e-06,0.106,-5.145,1,0.184,145.914,4,0.395,528287,England,6n4U3TlzUGhdSFbUUhTvLP
95,Finesse - Remix; feat. Cardi B,0.0185,0.704,0.859,0.0,0.0215,-4.877,0,0.0996,105.115,4,0.926,522887,England,3Vo4wInECJQuz9BIBMOu8i
96,Man Don't Dance,0.00477,0.809,0.877,0.00129,0.121,-3.749,0,0.283,109.894,4,0.662,521882,England,2xfPdbWVd76RDhxUPjBNba
97,Same Bitches (feat. G-Eazy & YG),0.434,0.731,0.774,3.34e-06,0.114,-5.273,0,0.0555,100.005,4,0.219,521123,England,688QpQAwqsLdBR6lr13wK1
98,Too Good At Goodbyes,0.64,0.681,0.372,0.0,0.169,-8.237,1,0.0432,91.873,4,0.476,519597,England,1mXVgsBdtIVeCLJnSnmtdV
99,Remind Me to Forget,0.158,0.689,0.505,0.0,0.138,-6.389,1,0.0933,99.017,4,0.312,510768,England,6xTU6B6nFwKKTSZ9ySXS80
100,Fine Girl,0.0295,0.867,0.509,0.0,0.0424,-4.884,0,0.0918,100.998,4,0.684,507768,England,2H9zpvV33I48HE5jnNvWVB
101,Takin' Shots,0.61,0.762,0.621,0.0,0.464,-6.24,1,0.0866,120.056,4,0.593,498600,England,5ffntNJnJOeFv7b7DCd0Bw
102,Despacito - Remix,0.229,0.694,0.815,0.0,0.0924,-4.328,1,0.12,88.931,4,0.813,493812,England,5CtI0qwDJkDQGwXD1H1cLb
103,Unforgettable,0.0293,0.726,0.769,0.0101,0.104,-5.043,1,0.123,97.985,4,0.733,493733,England,3B54sVLJ402zGa6Xm4YGNe
104,Happier,0.536,0.522,0.385,0.0,0.135,-7.355,1,0.0288,89.792,4,0.236,490524,England,2RttW7RAu5nOAfq6YFvApB
105,I See You Shining,0.189,0.533,0.807,1.53e-06,0.126,-6.243,0,0.3,137.041,5,0.524,483944,England,7ong9e9yT1FNTRU6SY99Wl
106,Wake Me Up - Radio Edit,0.0038,0.532,0.783,0.0012,0.161,-5.697,1,0.0523,124.08,4,0.643,479240,England,6g1NlCpW7fgqDnWbCCDrHl
107,Jackie Chan,0.374,0.747,0.834,0.0,0.0586,-2.867,0,0.045,128.005,4,0.687,475365,England,4kWO6O1BUXcZmaxitpVUwp
108,Hunger,0.53,0.729,0.675,0.0,0.0985,-5.62,0,0.0415,116.016,4,0.332,472705,England,6HJcuxVgYjxcYDnPG0ystc
109,You Make My Dreams (Come True),0.234,0.751,0.501,0.112,0.0467,-12.151,1,0.0551,167.057,4,0.902,471342,England,4o6BgsqLIBViaGVbx5rbRk
110,Perfect,0.163,0.599,0.448,0.0,0.106,-6.312,1,0.0232,95.05,3,0.168,468305,England,0tgVpDi06FyKpA1z0VMD4v
111,Sangria Wine,0.181,0.831,0.713,0.0,0.0572,-3.646,0,0.094,132.109,4,0.69,467112,England,6XlSyYFTU1nodeWwwzVgTV
112,Symphony (feat. Zara Larsson),0.259,0.707,0.629,1.6e-05,0.138,-4.581,0,0.0563,122.863,4,0.457,465743,England,1x5sYLZiu9r5E43kMlt9f8
113,Otherside,0.318,0.652,0.643,2.87e-06,0.208,-5.667,0,0.0353,104.932,4,0.109,458807,England,4qWCFTuNnmGNdY4egtb4ZY
114,Star Treatment,0.243,0.581,0.767,0.00131,0.141,-5.026,0,0.0527,120.07,4,0.673,454331,England,0b93tWwuoAC0nXe1CfR30I
115,Plug Walk,0.202,0.876,0.519,0.0,0.108,-6.531,1,0.143,94.981,4,0.158,451457,England,6mAz8D1TmlTuef90dbNIiZ
116,Taste (feat. Offset),0.0236,0.884,0.559,0.0,0.101,-7.442,1,0.12,97.994,4,0.342,448589,England,5IaHrVsrferBYDm0bDyABy
117,Lucid Dreams,0.349,0.511,0.566,0.0,0.34,-7.23,0,0.2,83.903,4,0.218,447367,England,0X8DcetL926BYiPJYstJTc
118,Redbone,0.172,0.745,0.356,0.00943,0.123,-10.425,1,0.0941,160.033,4,0.607,445840,England,3kxfsdsCpFgN412fpnW85Y
119,Check (with RAYE),0.21,0.41,0.718,0.0,0.079,-6.295,0,0.126,94.332,4,0.57,445732,England,4i8ObH2xPP4DSNniUJlgar
120,Let Me,0.239,0.46,0.567,6.04e-06,0.0934,-5.637,1,0.0515,168.419,4,0.189,445415,England,7Fg342AJtNsIDdwCfX0paC
121,No Words,0.344,0.781,0.736,0.0,0.125,-5.413,0,0.29,100.55,4,0.536,443495,England,4USHZ3omhEBGjHLD9BIJYs
122,Wild Thoughts (feat. Rihanna & Bryson Tiller),0.0329,0.671,0.672,0.0,0.118,-3.094,0,0.0688,97.979,4,0.632,441752,England,1OAh8uOEOvTDqkKFsKksCi
123,Let You Down,0.33,0.659,0.716,0.0,0.173,-5.673,0,0.111,148.015,4,0.437,441340,England,6mrKP2jyIQmM0rw6fQryjr
124,Perfect Duet (Ed Sheeran & Beyoncé),0.779,0.587,0.299,0.0,0.123,-7.365,1,0.0263,94.992,3,0.356,440237,England,1bhUWB0zJMIKr9yVPrkEuI
125,Say You Won't Let Go,0.695,0.358,0.557,0.0,0.0902,-7.398,1,0.059,85.043,4,0.494,435181,England,5uCax9HTNlzGybIStD3vDh
126,Silence,0.256,0.52,0.761,4.96e-06,0.17,-3.093,1,0.0853,141.971,4,0.286,434058,England,7vGuf3Y35N4wmASOKLUVVU
127,Missing (feat. Headie One),0.287,0.864,0.491,0.00213,0.0962,-12.782,0,0.0926,130.009,4,0.703,432967,England,3pjampEJWz0wJuiFYyzX0x
128,I Want You Back,0.29,0.639,0.548,9.68e-05,0.366,-13.534,1,0.0394,98.359,4,0.887,432013,England,3b0EOvScbZUc0qJx0E1L2z
129,Castle on the Hill,0.0232,0.461,0.834,1.14e-05,0.14,-4.868,1,0.0989,135.007,4,0.471,430061,England,6PCUP3dWmTjcTtXY02oFdT
130,Fluorescent Adolescent,0.00178,0.646,0.813,2.26e-05,0.144,-5.29,0,0.0288,112.115,4,0.821,428946,England,7e8utCy2JlSB8dRHKi49xM
131,Wonderwall - Remastered,0.000452,0.378,0.896,0.0,0.194,-4.066,1,0.0407,174.302,4,0.469,428525,England,5qqabIl2vWzo9ApSC317sa
132,Never Be the Same,0.181,0.637,0.713,0.000637,0.137,-4.333,1,0.0747,129.923,4,0.243,426809,England,4eWQlBRaTjPPUlzacqEeoQ
133,Can't Hold Us - feat. Ray Dalton,0.0291,0.641,0.922,0.0,0.0862,-4.457,1,0.0786,146.078,4,0.847,426619,England,3bidbhpOYeV4knp8AIu8Xn
134,Mind On It (feat. Jess Glynne),0.0585,0.669,0.824,0.0,0.336,-3.695,1,0.0781,103.114,4,0.482,422112,England,4qQj5RXJk7zaz5EUIgs5y1
135,Cola,0.0245,0.706,0.74,0.512,0.135,-7.904,1,0.0325,122.007,3,0.444,419548,England,1HrMWH5GUdK6Yi94rbANJA
136,Riptide,0.431,0.484,0.731,0.0,0.151,-6.694,1,0.0379,101.654,4,0.51,418461,England,7yq4Qj7cqayVTp3FF9CWbm
137,Wait (Featuring Offset & Vory),0.769,0.865,0.529,6.6e-06,0.104,-7.756,1,0.23,111.982,4,0.649,417798,England,50phRe11Y2nC2N968jVU53
138,Tightrope,0.3,0.351,0.331,9.14e-06,0.0919,-10.316,1,0.0382,161.564,3,0.191,416044,England,0GVuLQtPXFaL18ijEOqoAa
139,Genius,0.0864,0.622,0.621,9.8e-05,0.121,-4.924,0,0.129,158.946,4,0.567,415551,England,73F87Sqh6jQWucOOvz1WFx
140,Came Here for Love,0.0313,0.708,0.868,0.0,0.122,-3.287,1,0.0431,124.994,4,0.72,414766,England,3kGfazcbVvVkuZunzlLgTD
141,I Miss You (feat. Julia Michaels),0.245,0.638,0.658,3.77e-06,0.0919,-6.318,1,0.0456,105.076,4,0.33,414104,England,2xmrfQpmS2iJExTlklLoAL
142,Bouff Daddy,0.0977,0.728,0.679,1.33e-06,0.188,-3.736,0,0.247,171.796,4,0.641,413078,England,28qdL1yHti3BSu6AdLzWbg
143,Do I Wanna Know?,0.186,0.548,0.532,0.000263,0.217,-7.596,1,0.0323,85.03,4,0.405,412836,England,3rq5w4bQGigXOfdN30ATJt
144,Sugar Wraith,0.262,0.606,0.775,0.0,0.1,-4.269,0,0.0671,164.02,4,0.307,412060,England,0MrRAUcB8AZiB9ue2VOBYe
145,XO Tour Llif3,0.00264,0.732,0.75,0.0,0.109,-6.366,0,0.231,155.096,4,0.401,411594,England,7GX5flRQZVHRAGd6B4TmDO
146,One Last Time,0.115,0.624,0.618,3.3e-06,0.104,-4.868,1,0.0322,125.036,4,0.122,405560,England,7bJwvubZZaoGE1AGEfu8Fi
147,Blame It On Me,0.145,0.652,0.591,5.65e-06,0.164,-7.274,0,0.0418,121.873,4,0.274,403020,England,1ZemPoaj7LBj1RAQrb89EC
148,One Point Perspective,0.057,0.714,0.585,0.00444,0.144,-4.57,1,0.0419,77.104,4,0.842,402101,England,1t67WYNfUxfOiwaz7SJ66b
149,Naive,0.0759,0.391,0.808,0.0,0.149,-6.209,0,0.0892,100.304,4,0.737,401892,England,7BHPGtpuuWWsvE7cCaMuEU
150,Mine,0.0161,0.71,0.789,2.77e-06,0.451,-3.874,1,0.0722,142.929,4,0.717,401481,England,7uzmGiiJyRfuViKKK3lVmR
151,She Moves In Her Own Way,0.239,0.41,0.803,0.0,0.103,-5.363,1,0.0623,153.315,4,0.814,401213,England,5xoUgPXbMNUmoHU0Enwtwq
152,Tranquility Base Hotel & Casino,0.0411,0.584,0.835,0.0147,0.199,-4.326,0,0.0297,142.2,4,0.781,396961,England,2URDbWGmPz3vhagl25p8OC
153,KOD,0.21,0.823,0.783,0.0,0.113,-6.274,1,0.154,141.882,4,0.199,394664,England,7yotKA30dwTKNEGomV9ZsI
154,Delicate,0.216,0.75,0.404,0.000357,0.0911,-10.178,0,0.0682,95.045,4,0.0499,393277,England,7CneiDesUKFJO3Ix01dnfr
155,Believer,0.0537,0.762,0.787,0.0,0.126,-4.311,0,0.127,125.067,4,0.691,392459,England,7Izh7zLJGw1Nscd62Exxj4
156,Crepes And Cones (Ya Dun Know),0.327,0.602,0.735,9.78e-06,0.054,-4.451,1,0.297,136.678,5,0.533,389565,England,5yPqI0naJoENMs29O6wyyP
157,Don't Look Back in Anger - Remastered,0.0708,0.327,0.938,3.79e-06,0.148,-3.237,1,0.0645,162.937,4,0.326,389489,England,0UvCh63URrLFcPkKt99hHd
158,Galway Girl,0.0735,0.624,0.876,0.0,0.327,-3.374,1,0.1,99.943,4,0.781,387776,England,0afhq8XCExXpqazXczTSve
159,Forrest Gump,0.521,0.889,0.71,0.0,0.0705,-5.426,1,0.275,109.009,4,0.834,385261,England,7aDg8HUntvkPfDKnjTxTxW
160,Pray For Me (with Kendrick Lamar),0.0805,0.728,0.668,1.49e-05,0.102,-5.02,1,0.126,100.537,4,0.162,378107,England,4ofvoCdXq99vpMZO4Cfp8x
161,Budapest,0.0883,0.714,0.451,0.0,0.108,-8.268,1,0.0276,127.787,4,0.406,376342,England,7GJClzimvMSghjcrKxuf1M
162,I'm Yours,0.595,0.686,0.457,0.0,0.105,-8.322,1,0.0468,150.953,4,0.718,374573,England,3S0OXQeoh0w6AY8WQVckRW
163,Ric Flair Drip (& Metro Boomin),0.149,0.88,0.428,5.07e-05,0.114,-8.28,1,0.206,100.007,4,0.333,374079,England,7sO5G9EABYOXQKNPNiE9NR
164,For You (Fifty Shades Freed) (& Rita Ora),0.0188,0.483,0.799,0.0,0.226,-4.567,0,0.0366,112.946,4,0.171,372816,England,5hM6sP0Gh1jD57drszNueC
165,Rapper,0.507,0.635,0.544,0.0,0.262,-9.317,0,0.415,136.431,5,0.65,371821,England,4zJbxanDbuZZMm6nippyZF
166,Congratulations,0.215,0.63,0.804,0.0,0.253,-4.183,1,0.0363,123.146,4,0.492,371191,England,3a1lNhkSLSkpJE4MSHpDu9
167,Fine Line (with Not3s),0.229,0.811,0.625,0.0,0.0574,-4.967,1,0.0496,114.972,4,0.931,370952,England,3CmDfdlhSnRvoNeCwXWvh1
168,1950,0.648,0.6,0.535,4.7e-06,0.162,-7.043,1,0.107,71.912,4,0.269,370861,England,0CZ8lquoTX2Dkg7Ak2inwA
169,Thunder,0.00702,0.605,0.813,0.114,0.145,-4.785,1,0.0448,167.997,4,0.238,369600,England,26gceVsA1ybT8qsX3aYLEn
170,Passionfruit,0.256,0.809,0.463,0.085,0.109,-11.377,1,0.0396,111.98,4,0.364,367923,England,5mCPDVBb16L4XQwDdbRUpz
171,Champion (feat. Travis Scott),0.381,0.642,0.782,0.0,0.108,-3.395,0,0.0477,162.005,4,0.396,366968,England,6nO3tr47nr2P7f3hXb8JIo
172,Mr. Blue Sky,0.652,0.388,0.338,3.73e-06,0.248,-10.054,1,0.0329,177.765,4,0.478,363961,England,2RlgNHKcydI9sayD2Df2xp
173,Wolves,0.139,0.715,0.802,0.0,0.177,-4.647,0,0.0394,124.989,4,0.327,362889,England,7EmGUiUaOSGDnUUQUDrOXC
174,Rihanna,0.146,0.553,0.484,0.0,0.0915,-9.757,0,0.224,130.252,5,0.772,362633,England,5kJEUjZUh1xPRUHQc8hEnq
175,HUMBLE.,0.000282,0.908,0.621,5.39e-05,0.0958,-6.638,0,0.102,150.011,4,0.421,362405,England,7KXjTSCq5nL1LoYtL7XAwS
176,Everywhere - 2017 Remaster,0.258,0.73,0.487,0.01,0.0852,-10.991,1,0.0303,114.965,4,0.731,360220,England,254bXAqt3zP6P50BdQvEsq
177,Lonely Together (feat. Rita Ora),0.134,0.655,0.666,2.12e-05,0.0683,-5.309,1,0.0612,102.977,4,0.272,358765,England,2OALaHcDdKkjYEpAr0Qzab
178,Levels - Radio Edit,0.0484,0.579,0.887,0.828,0.294,-5.961,0,0.0334,126.041,4,0.472,357603,England,5B03nSG8pLE48jh7kmasuL
179,Closer,0.414,0.748,0.524,0.0,0.111,-5.599,1,0.0338,95.01,4,0.661,356768,England,7BKLCZ1jbUBVqRi2FVlTVw
180,Dog Days Are Over,0.0416,0.492,0.81,0.00379,0.117,-5.315,1,0.0847,149.954,4,0.245,354156,England,1YLJVmuzeM2YSUkCCaTNUB
181,Pure Water,0.0256,0.594,0.776,0.0,0.144,-4.289,1,0.287,138.149,4,0.402,353764,England,1ATVSVN4kc8S2XE7FdyJi8
182,Body,0.0476,0.752,0.764,9.44e-05,0.0543,-4.399,1,0.038,121.958,4,0.582,353122,England,43V1z6QToNNWNldV4FEG6r
183,I Took A Pill In Ibiza - Seeb Remix,0.0353,0.663,0.713,7.68e-06,0.0843,-6.647,0,0.112,101.965,4,0.69,351133,England,17Fd6Yb7mSbinKG8LoWfFl
184,A Million Dreams (Reprise),0.726,0.253,0.139,5.01e-05,0.269,-17.067,1,0.0414,74.369,3,0.102,351058,England,66y7x28jXOPrcmu3D5Zjh6
185,"Bad (feat. Yungen, MoStack, Mr Eazi & Not3s)",0.446,0.569,0.821,0.0,0.106,-4.84,0,0.226,103.45,4,0.827,349849,England,5vySkXA0v40CDwofIvhc1Y
186,Decline,0.14,0.681,0.93,0.0,0.092,-2.334,0,0.0612,115.937,4,0.545,348527,England,5STWwZgJ5gHzXdOsZ1hTqH
187,September,0.183,0.693,0.911,0.000107,0.3,-3.691,1,0.0305,125.895,4,0.982,348402,England,1mqlc0vEP9mU1kZgTi6LIQ
188,Where Were You In The Morning?,0.556,0.708,0.517,0.0,0.0992,-7.466,1,0.0618,87.992,4,0.457,347146,England,5cuRYDNIcSu5noyXQpULKg
189,"I'm the One (feat. Justin Bieber, Quavo, Chance the Rapper & Lil Wayne)",0.0552,0.609,0.668,0.0,0.167,-4.284,1,0.0367,80.924,4,0.811,345785,England,3DXncPQOG4VBw3QHh3S817
190,Young Dumb & Broke,0.199,0.799,0.539,1.66e-05,0.165,-6.351,1,0.0421,136.948,4,0.394,345627,England,5Z3GHaZ6ec9bsiI5BenrbY
191,Jocelyn Flores,0.469,0.872,0.391,4.13e-06,0.297,-9.144,0,0.242,134.021,4,0.437,345532,England,7m9OqQk4RVRkw9JJdeAw96
192,No Roots,0.264,0.863,0.657,0.00619,0.0713,-7.295,1,0.105,115.958,4,0.829,345414,England,7anBA0IdgFaN3Pbyk2tog0
193,Rockabye (feat. Sean Paul & Anne-Marie),0.406,0.72,0.763,0.0,0.18,-4.068,0,0.0523,101.965,4,0.742,344709,England,5knuzwU65gJK7IF5yJsuaW
194,She's So Lovely,0.0622,0.497,0.857,0.0,0.0495,-3.313,1,0.0649,167.142,4,0.619,342441,England,0JpxNq2SYwPt2uSqdcSvyQ
195,American Sports,0.00169,0.372,0.865,0.00293,0.127,-4.288,0,0.0513,176.689,3,0.594,341464,England,2HbYLDA1SigY1ilC94ieVu
196,Shut Up and Dance,0.00701,0.578,0.866,0.0,0.257,-3.804,1,0.0619,128.038,4,0.619,341264,England,4kbj5MwxO1bq9wjT5g9HaA
197,Hearts Ain't Gonna Lie (with Jonas Blue),0.0864,0.438,0.731,0.0,0.13,-4.566,0,0.0603,92.958,4,0.466,341101,England,1bfPwJtmZdqv6MPY5Wr7eH
198,Thinking out Loud,0.474,0.781,0.445,0.0,0.184,-6.061,1,0.0295,78.998,4,0.591,339865,England,1Slwb6dOYkBlWal1PGtnNg
199,"London's Calling (feat. Skrapz, Avelino, Asco, Loski & AJ Tracey)",0.184,0.637,0.829,0.0,0.629,-3.635,1,0.326,99.56,4,0.692,339162,England,7AnniUuXOgiVCRzdLEnm5c
